0.2605
0.1672
0.001169
0.7604
0.9852
0.5145
0.5687
0.08677
0.3127
0.679
0.5274
0.1533
0.4633
0.2184
0.4233
0.2957
0.1213
0.6391
0.7008
0.1891
0.6439
0.4408
0.106
0.7323
0.1711
0.1999
0.7376
0.7154
0.1729
0.196
0.8472
0.8889
0.2554
0.8847
0.2576
0.4373
0.901
0.5331
0.7631
0.1312
0.9345
0.5026
0.7463
0.2154
0.1753
0.7098
0.9192
0.05059
0.7412
0.8121
0.2227
0.682
0.1372
0.2088
0.1361
0.7453
0.02495
0.6725
0.3986
0.4303
0.7866
0.9118
0.972
0.5427
0.9261
0.4026
0.1347
0.03444
0.3167
0.4774
0.2664
0.5432
0.4521
0.7958
0.715
0.1956
0.697
0.1649
0.9995
0.3101
0.4694
0.4305
0.3333
0.2813
0.6375
0.4843
0.4463
0.2403
0.3655
0.164
0.9548
0.8061
0.4568
0.1488
0.322
0.1853
0.4431
0.5074
0.2401
0.7637
0.943
0.3972
0.657
0.3161
0.0679
0.01497
0.8086
0.2321
0.689
0.1429
0.8092
0.2871
0.05322
0.7678
0.6879
0.4865
0.8978
0.3023
0.6143
0.9307
0.861
0.02567
0.268
0.7259
0.1056
0.3044
0.7517
0.9503
0.2503
0.2631
0.7854
0.7943
0.08835
0.5825
0.3808
0.7951
0.8515
0.6818
0.7806
0.3933
0.747
0.5353
0.8147
0.1358
0.8593
0.5668
0.08267
0.4932
0.9714
0.03647
0.8398
0.7916
0.3314
0.7578
0.8592
0.5869
0.6254
0.166
0.5662
0.1322
0.8683
0.2778
0.1757
0.4212
0.5485
0.8618
0.435
0.1336
0.5031
0.7681
0.4444
0.928
0.3848
0.02297
0.6266
0.6256
0.9356
0.07189
0.4147
0.8216
0.1439
0.4352
0.2343
0.7885
0.8535
0.08271
0.4617
0.266
0.9101
0.8576
0.1524
0.9117
0.05174
0.6646
0.549
0.4706
0.1594
0.4566
0.2634
0.8961
0.6569
0.1616
0.5176
0.5158
0.8165
0.2949
0.01556
0.9684
0.4226
0.008488
0.9652
0.8921
0.9408
0.2936
0.5083
0.8934
0.3497
0.1619
0.4538
0.2636
0.9724
0.3304
0.9521
0.6617
0.9106
0.1266
0.3149
0.735
0.8914
0.6013
0.1652
0.3954
0.8587
0.8553
0.6527
0.463
0.06557
0.6493
0.5637
0.1493
0.9477
0.7269
0.3368
0.1207
0.3372
0.2009
0.4349
0.1615
0.2926
0.4147
0.9079
0.8815
0.795
0.1903
0.6849
0.1858
