-0.2594
-0.04918
0.3281
-0.1612
-0.1485
0.08439
0.05067
0.2059
-0.001721
0.1995
-1.193
-0.05433
0.06283
0.028
0.6174
-0.2147
0.4113
-0.06543
-0.02459
-0.4618
-0.1977
-0.1155
0.01321
-0.2658
0.3643
0.1318
0.6746
-0.463
0.6728
0.9921
0.05976
0.05969
-0.6973
-0.3554
-0.732
-0.1956
0.3429
0.46
-0.5763
0.09422
0.6501
-0.3673
0.05256
-0.4588
-0.1969
-0.02167
-0.4644
0.1415
0.9139
0.1566
-0.42
0.9741
0.7184
0.6907
-0.353
-0.1723
-0.4451
-0.3795
-0.7768
-0.4726
-0.04859
0.9736
-0.6756
-1.53
0.1238
-0.5794
1.22
1.639
-0.04909
0.1597
1.006
-1.126
-1.146
-0.2879
-0.4677
0.3908
-0.3343
-0.7041
-0.5853
0.7267
-0.8482
-0.06967
0.5537
0.4071
-0.2737
0.8215
-1.139
0.3213
0.6713
0.09261
0.8932
-1.173
-0.3059
0.1724
0.3713
-0.4174
-0.663
-0.2963
-0.7612
-0.5006
-0.6989
0.1829
0.1523
-0.1873
-0.3551
-0.334
-0.05006
0.5798
-0.5366
-0.4124
-0.7551
0.01063
-0.3874
-0.5299
-0.5044
-0.8153
0.4476
0.02387
-1.384
0.03429
0.378
-0.6407
0.3973
0.1342
-0.4364
-0.006086
-0.6911
-0.4805
0.6134
-0.6473
0.3323
-0.2456
0.8567
-0.1995
0.6868
-0.8092
0.4949
0.003885
-0.6971
0.4321
0.2758
0.08224
-0.7316
0.8853
-0.2463
-1.131
-1.392
-0.1552
-0.3867
1.083
0.1218
-0.1329
-0.754
0.3455
-0.7635
-0.1416
0.244
-0.4709
-0.2584
0.1458
0.5526
-0.08486
0.4688
0.6518
-0.3216
-0.2052
0.5562
-0.4927
0.08845
0.3348
-0.3422
-0.4169
-0.01462
0.1619
0.2523
-0.2241
1.049
-0.5605
-0.7804
-0.1186
-0.4527
1.096
0.03958
0.967
0.003633
-0.8259
0.1749
0.7029
-0.6164
0.2055
0.199
-0.8021
-0.08664
0.2086
0.06623
0.133
0.5471
-0.1994
0.351
-0.1838
0.09023
0.1101
0.3397
0.6013
0.3417
0.3188
-0.1658
0.2764
-0.5573
0.5863
0.1372
0.5812
0.1261
-0.07619
0.5802
-0.7693
-0.319
-0.2636
-0.04852
-0.03863
-0.2837
0.06156
-0.3024
0.8829
0.8236
0.3527
-0.4458
-0.3443
-0.05144
0.3881
0.6113
1.155
0.3107
0.3397
-0.03673
-0.4489
-0.1595
-0.617
0.96
-0.7045
-0.2942
0.01116
-0.39
1.841
0.2344
0.6235
-0.9036
0.7235
-0.05515
0.3375
0.09335
0.1417
-0.1627
0.07493
-0.4495
-0.3399
